generation,N_shifts,logPrior,logLik,eventRate,acceptRate
0,400,2231.63,-60023.1,50,0
50000,436,2374.58,-60072.2,435.539,0.384
100000,415,2285.24,-60024.5,385.3,0.401273
150000,424,2296.63,-60036.8,430.541,0.407
200000,414,2289.62,-60045.3,411.231,0.389
250000,406,2217.79,-60025.6,395.846,0.406
300000,429,2344.56,-60009.5,446.67,0.398
350000,454,2522.41,-59999.6,476.173,0.405
400000,463,2592.82,-60005.3,459.315,0.4
450000,435,2434.39,-60025.1,419.923,0.381
500000,406,2256,-60045.7,415.869,0.407
550000,424,2358.06,-59983,440.466,0.383
600000,463,2535.89,-59917.7,439.528,0.408
650000,467,2539.38,-60007.4,474.537,0.428
700000,486,2664.56,-59973.4,452.791,0.422
750000,443,2395.51,-60048.6,434.145,0.395803
800000,483,2630.75,-59966.1,454.334,0.42
850000,489,2670.04,-60076.3,523.123,0.393
900000,476,2571.6,-60047.2,483.829,0.386
950000,433,2348.83,-60069.2,403.947,0.395
1000000,440,2466.77,-60017.3,439.504,0.397
1050000,414,2294.83,-60050.6,416.188,0.362
1100000,440,2449.2,-60017.1,437.265,0.42
1150000,425,2361.98,-59979.7,430.907,0.375
1200000,455,2534.3,-59991.2,417.072,0.371
1250000,445,2470.53,-60062.4,453.826,0.413
1300000,440,2375.77,-60035.2,439.693,0.396
1350000,464,2544.86,-60021.3,503.318,0.385
1400000,443,2387.38,-60085,429.215,0.384
1450000,439,2447.93,-60076.2,409.615,0.434
1500000,465,2527.62,-59960.6,444.433,0.415
1550000,477,2628.04,-59998.8,488.002,0.415
1600000,470,2604.74,-60006.6,428.907,0.435
1650000,456,2476.3,-59985.5,457.668,0.418
1700000,463,2529.47,-60000.8,453.01,0.384
1750000,458,2498.43,-59972.3,431.897,0.378
1800000,484,2727.26,-60007.2,493.741,0.404
1850000,408,2234.68,-59989,399.764,0.382
1900000,464,2539.21,-60054.3,453.292,0.402
1950000,408,2239.37,-60059.4,389.596,0.406
2000000,404,2219.22,-60047.8,381.68,0.41575
2050000,451,2535.2,-59985.7,401.886,0.425
2100000,434,2399.11,-60022.6,424.946,0.37
2150000,425,2385.73,-59971.1,399.22,0.392
2200000,413,2290.63,-59993.8,412.069,0.387
2250000,418,2269.64,-59974.2,415.847,0.36
2300000,411,2228.63,-60021,409.337,0.391
2350000,470,2579.87,-59959.3,448.337,0.365
2400000,472,2592.84,-60022.9,483.414,0.4
2450000,424,2310.52,-60007.2,463.009,0.383
2500000,423,2328.78,-60046.5,428.408,0.385
2550000,437,2398.15,-60044,454.79,0.409
2600000,483,2655.63,-60070.7,471.753,0.379
2650000,487,2708.65,-60088.1,482.979,0.418
2700000,475,2608.57,-60095.1,491.121,0.424
2750000,472,2579.28,-60079.8,485.866,0.401
2800000,487,2681.85,-59997.4,474.912,0.439
2850000,492,2729.57,-59978.7,499.11,0.405
2900000,501,2824.65,-60033.9,446.104,0.407
2950000,495,2737.16,-60073.4,470.629,0.401
3000000,504,2727.59,-60025.2,499.35,0.408
3050000,510,2786.65,-59974.5,548.521,0.414
3100000,514,2818.3,-59914.3,495.747,0.402
3150000,492,2668.77,-59926.6,499.99,0.389
3200000,490,2690.64,-59996.2,451.765,0.399
3250000,477,2635.21,-59963.5,449.35,0.381
3300000,477,2616.03,-59929,516.158,0.395
3350000,481,2614.53,-60004.9,486.202,0.402
3400000,496,2732.89,-59994.5,464.8,0.394
3450000,470,2588.44,-59976.5,513.616,0.418
3500000,480,2660.96,-59993,434.402,0.401
3550000,500,2747.67,-60003.4,527.581,0.4
3600000,491,2720.68,-59992.4,448.132,0.401
3650000,508,2787.27,-59938,525.651,0.411
3700000,510,2801.25,-59922.6,507.206,0.401
3750000,498,2694.19,-59979.8,521.62,0.399
3800000,509,2811.08,-59949.6,497.873,0.436
3850000,495,2656.89,-59923.1,468.936,0.404
3900000,496,2688.38,-59911.2,480.507,0.406
3950000,531,2931.54,-59944.3,472.177,0.397
4000000,532,2917.06,-59969.2,519.5,0.409
4050000,553,3088.34,-59909.6,510.285,0.423
4100000,529,2956.64,-59905.9,520.795,0.411
4150000,514,2846.46,-59937.6,501.893,0.395
4200000,516,2811.02,-59929.6,543.45,0.396
4250000,484,2646.35,-59853.5,473.208,0.398
4300000,476,2590.03,-59934.7,461.185,0.428
4350000,505,2773.25,-59973.5,482.185,0.404
4400000,483,2661.04,-60019.6,494.295,0.423
4450000,477,2593.77,-60007.3,483.8,0.395
4500000,480,2601.53,-59956.2,473.383,0.386
4550000,472,2565.85,-59971.1,479.214,0.37
4600000,465,2618.3,-60078.4,458.234,0.394
4650000,532,2900.55,-59907,498.517,0.397
4700000,557,3048.41,-59859.1,566.435,0.38
4750000,489,2702.67,-60042.4,478.047,0.406
4800000,533,2914.82,-59908.8,539.853,0.385
4850000,538,2930.89,-59872.9,528.795,0.413
4900000,563,3117.88,-59917,535.878,0.417
4950000,574,3131.13,-59909.4,553.014,0.418
5000000,569,3140.18,-59893.9,574.55,0.405
5050000,575,3183.41,-59915.2,560.336,0.439
5100000,561,3108.53,-59954.3,570.902,0.405
5150000,546,3014.78,-59874.9,509.491,0.394
5200000,571,3117.81,-59896.3,600.091,0.413
5250000,548,3029.37,-59933.4,511.061,0.42
5300000,504,2753.41,-59935.6,526.124,0.402
5350000,478,2671,-59917.9,442.37,0.404
5400000,494,2772.76,-59925,517.228,0.387
5450000,489,2717.89,-59949.4,497.62,0.397
5500000,476,2699.34,-59945.7,470.547,0.384
5550000,510,2823.18,-59917.3,473.727,0.411
5600000,534,2957.59,-59886.2,535.052,0.391
5650000,533,2931.34,-59922.8,560.48,0.419
5700000,508,2770.16,-59906.1,524.61,0.423
5750000,501,2753.96,-59956,511.33,0.412
5800000,474,2595.26,-59959.1,483.309,0.409
5850000,460,2548.58,-59982.6,426.886,0.4
5900000,442,2407.49,-59930.7,396.265,0.432
5950000,451,2442.93,-59928.7,406.723,0.387
6000000,462,2524.55,-59946.5,422.683,0.403
6050000,473,2588.84,-60017.5,437.668,0.415
6100000,469,2596.1,-59996.6,464.71,0.4
6150000,504,2782.06,-59980.6,457.872,0.394
6200000,495,2712.74,-59963.7,477.372,0.39
6250000,506,2792.26,-59919.5,534.871,0.401
6300000,526,2912.28,-59948.9,499.401,0.423
6350000,489,2684.97,-59968.5,495.329,0.398
6400000,523,2851.95,-59924.8,506.298,0.419
6450000,520,2816.44,-59898.3,539.709,0.397
6500000,529,2861.41,-59911.5,533.956,0.376
6550000,545,2993.44,-59912.8,560.188,0.392
6600000,539,2919.94,-59927.2,535.896,0.402
6650000,518,2907.35,-59907.8,510.487,0.399
6700000,487,2752.62,-59954.6,501.759,0.406
6750000,442,2503.12,-59972,462.016,0.376
6800000,452,2527.62,-60005.5,426.895,0.387
6850000,485,2745.7,-60032.5,459.099,0.426
6900000,485,2706.47,-60024,473.239,0.397
6950000,467,2579.42,-59989.4,453.561,0.393
7000000,438,2429.94,-59961.3,442.414,0.393
7050000,456,2527.62,-59950.5,454.846,0.385
7100000,446,2513.94,-60010.5,434.671,0.409
7150000,468,2606.78,-60036.2,455.848,0.413
7200000,457,2546.28,-59989.9,421.464,0.4
7250000,460,2564.86,-59988.5,466.398,0.413
7300000,468,2571.71,-60083.5,468.605,0.41
7350000,470,2646.7,-60071.4,429.385,0.405
7400000,462,2546.66,-60084.5,457.265,0.397
7450000,422,2363.37,-60031.3,399.681,0.40225
7500000,450,2479.61,-60099.4,439.445,0.400436
7550000,448,2491.2,-59955.3,489.636,0.418
7600000,453,2549.02,-60061.2,465.979,0.3975
7650000,462,2583.63,-59986.5,456.117,0.398286
7700000,457,2556.1,-60015.8,449.573,0.365
7750000,460,2514.93,-59943.9,447.363,0.394
7800000,461,2583.01,-59993.5,447.457,0.396
7850000,458,2520.1,-60003.5,458.356,0.388
7900000,427,2349.29,-60049.1,402.844,0.399
7950000,438,2416.99,-59992.5,412.575,0.379
8000000,445,2469.45,-60035.3,420.759,0.407
8050000,459,2509.17,-59972.8,468.556,0.4
8100000,488,2689.96,-59996.2,467.501,0.387
8150000,466,2600.2,-59993.3,442.157,0.399
8200000,416,2300.14,-60052.3,413.328,0.395139
8250000,439,2424.8,-59996.5,433.658,0.393
8300000,449,2519.39,-60031.6,434.871,0.399
8350000,423,2356.35,-60019.5,429.589,0.426
8400000,419,2319.1,-60018.7,407.898,0.379
8450000,434,2397.11,-59995.7,438.214,0.389
8500000,411,2280.17,-59998.5,414.816,0.4
8550000,430,2410.4,-60015.7,430.125,0.364
8600000,395,2198.69,-60006.6,371.388,0.366
8650000,443,2452.31,-60015.1,425.34,0.389
8700000,456,2529.1,-59993.6,445.107,0.396625
8750000,484,2690.96,-59972.9,512.205,0.398
8800000,467,2575.64,-59967.6,413.463,0.433
8850000,481,2647.56,-60012.3,468.457,0.434
8900000,463,2512.85,-59994.8,458.783,0.392
8950000,489,2689.48,-59978.2,498.502,0.426
9000000,507,2830.37,-59912.9,465.341,0.401
9050000,501,2797.86,-59938.8,512.428,0.42
9100000,530,2908.55,-59911,513.331,0.383
9150000,516,2867.3,-59904.8,495.834,0.376
9200000,499,2758.89,-59886.6,503.316,0.41
9250000,515,2832.87,-59938,477.231,0.403
9300000,492,2676.92,-59951.2,459.344,0.38
9350000,492,2756.44,-59949.4,453.491,0.402
9400000,470,2618.68,-59983.9,463.316,0.383
9450000,464,2559.87,-60014.8,436.981,0.416
9500000,475,2656.61,-60018.9,445.691,0.393
9550000,493,2759.12,-59958.6,490.351,0.419
9600000,503,2758.9,-59949.7,503.737,0.431
9650000,515,2848.26,-59929.4,480.52,0.44
9700000,556,3051.91,-60055.9,568.161,0.422
9750000,529,2979.53,-59962.5,492.226,0.419
9800000,530,2917.92,-59978.6,530.92,0.4
9850000,505,2735.39,-60001.9,504.017,0.391
9900000,499,2790.29,-60010.5,469.285,0.425
9950000,466,2581.65,-60043.3,462.279,0.41
10000000,489,2718.63,-59982.8,464.545,0.4
10050000,491,2697.93,-59947.5,502.233,0.394
10100000,485,2651.14,-59971.2,459.48,0.403
10150000,483,2648.48,-59996,433.541,0.393
10200000,490,2680.84,-59970.2,492.102,0.416
10250000,472,2595.3,-59995,414.592,0.39
10300000,460,2571.04,-59998.6,482.355,0.406
10350000,462,2583.26,-60005.4,431.292,0.395
10400000,454,2518.76,-59958.9,433.944,0.384
10450000,462,2565.74,-59995.1,471.336,0.387
10500000,454,2515.3,-59989.7,447.334,0.392
10550000,443,2464.85,-59980.4,454.461,0.395
10600000,438,2406.95,-60043.8,448.248,0.386
10650000,440,2396.19,-60056,445.254,0.414
10700000,430,2361.39,-60055.6,438.081,0.395
10750000,445,2456.3,-60079,431.876,0.367
10800000,456,2525.01,-60034,457.031,0.427
10850000,453,2540.77,-60048.1,414.775,0.4
10900000,455,2484.55,-60021.4,426.95,0.402
10950000,485,2694.13,-59934.3,480.094,0.404
11000000,515,2867.17,-59940,521.174,0.423
11050000,505,2780.32,-59970.2,523.092,0.409
11100000,503,2763.53,-59900.8,468.303,0.403
11150000,502,2797.49,-59987.3,497.129,0.414
11200000,517,2831.47,-59945.5,469.302,0.425
11250000,518,2839.26,-59963.5,503.823,0.431
11300000,466,2573.42,-59960.4,440.387,0.405
11350000,434,2404.27,-59998.1,422.089,0.422
11400000,452,2503.25,-59995.9,455.357,0.39
11450000,439,2402.54,-60027.9,424.907,0.394
11500000,439,2376.67,-59955.7,438.105,0.38
11550000,448,2451.46,-59959.5,401.406,0.386
11600000,462,2519.29,-59974.9,426.968,0.407
11650000,471,2541.19,-59953.2,482.205,0.406
11700000,481,2633.91,-59948.1,480.708,0.411
11750000,488,2669.61,-59944.6,471.621,0.444
11800000,495,2700.61,-59942.3,501.718,0.387
11850000,512,2783.39,-59876.6,515.471,0.4
11900000,485,2663.03,-59921.3,496.117,0.422
11950000,481,2653.14,-59957.1,440.715,0.409
12000000,498,2745.28,-59907.9,478.324,0.397
12050000,479,2588.63,-59918.5,511.882,0.417
12100000,476,2628.89,-59946,451.781,0.41
12150000,463,2523.44,-59958.3,440.61,0.429
12200000,487,2624.83,-59928.6,480.282,0.407
12250000,475,2572.23,-59952.3,443.86,0.422
12300000,499,2781.38,-59942.4,482.692,0.409
12350000,484,2641.25,-59961.8,487.386,0.400333
12400000,496,2758.75,-59974.8,498.699,0.41
12450000,517,2881.98,-59898.6,548.736,0.405
12500000,488,2662.91,-59920.5,433.083,0.382
12550000,503,2747.09,-59941.4,493.803,0.402
12600000,516,2912.87,-59957.9,490.322,0.432
12650000,507,2783.59,-59919.7,522.464,0.429
12700000,508,2784.12,-59983.2,505.991,0.399
12750000,475,2606.67,-59934.4,488.547,0.41
12800000,466,2571.73,-59995,449.524,0.396
12850000,494,2687.38,-60009.4,478.564,0.44
12900000,461,2524.44,-60020.2,435.197,0.378
12950000,434,2374.36,-60047.3,400.985,0.401
13000000,428,2321.83,-60100.3,391.055,0.403
13050000,433,2415.63,-60089.3,405.143,0.384
13100000,410,2257.71,-60071.5,420.912,0.417
13150000,425,2355.15,-60093.2,399.853,0.376
13200000,436,2416.22,-60055.7,428.228,0.407
13250000,462,2568.36,-60072.2,472.799,0.41
13300000,425,2383.45,-60051.9,392.868,0.4
13350000,442,2437.73,-60033.5,428.219,0.391
13400000,373,2052.93,-60125,377.627,0.390356
13450000,441,2435.89,-59982.7,440.341,0.392929
13500000,462,2554.14,-59974,471.455,0.429
13550000,484,2715.33,-59943.9,478.911,0.399
13600000,499,2767.04,-59925.8,482.885,0.409
13650000,470,2598.93,-59927.8,452.964,0.395
13700000,481,2704.92,-59953.9,467.034,0.367
13750000,485,2687.11,-59925.6,475.728,0.39
13800000,488,2709.64,-59910.5,461.368,0.378
13850000,525,2876.16,-59944.5,547.478,0.398
13900000,541,2939.45,-59950.2,537.093,0.38
13950000,534,2985.28,-59942.9,531.485,0.43
14000000,529,2931.3,-59944.6,476.238,0.398
14050000,503,2798.66,-59943.9,509.129,0.394
14100000,507,2779.18,-59914.4,531.88,0.38
14150000,493,2704.57,-59921.2,467.751,0.396
14200000,510,2840.26,-59914.4,551.002,0.399
14250000,511,2826.79,-59914.2,491.127,0.392
14300000,488,2718.02,-59910.6,492.303,0.379
14350000,458,2462.34,-59933.6,441.232,0.395
14400000,462,2561.94,-59932.4,479.423,0.412
14450000,448,2437.97,-59966.9,446.64,0.416
14500000,460,2543,-59957.8,424.268,0.413
14550000,444,2448.25,-59979.3,468.479,0.393
14600000,427,2328.61,-59976.7,378.272,0.371
14650000,443,2436.84,-59970.8,453.878,0.422
14700000,411,2286.71,-60012,411.63,0.417
14750000,425,2341.4,-60045.2,428.37,0.389
14800000,454,2485.21,-59991.1,451.028,0.392
14850000,478,2645.11,-59956,480.02,0.37
14900000,511,2831.38,-59944.7,521.748,0.38
14950000,493,2710.81,-59933.4,470.021,0.4
15000000,492,2686.76,-60001.3,498.795,0.409
15050000,497,2771.35,-59963.5,501.448,0.412
15100000,522,2846.45,-59966.9,527.544,0.415
15150000,484,2652.06,-59915.2,462.041,0.422
15200000,469,2586.74,-59942.3,459.305,0.415
15250000,465,2563.03,-59969.9,437.306,0.378
15300000,457,2528.91,-59957.1,438.961,0.385
15350000,485,2690.37,-59952.6,448.312,0.4
15400000,464,2563.35,-59913.2,427.715,0.388
15450000,468,2554.85,-59978.2,489.285,0.422
15500000,481,2632.02,-59939.2,509.199,0.42
15550000,446,2473.8,-59937.5,460.805,0.371
15600000,425,2351.5,-60079.3,444.248,0.401
15650000,427,2344.87,-59959,440.571,0.4
15700000,454,2491.94,-59967.8,454.816,0.415
15750000,431,2366.89,-59973.3,401.547,0.388
15800000,447,2401.87,-59898.5,437.26,0.398
15850000,444,2461.31,-59940.6,410.283,0.409
15900000,469,2577.81,-59964.9,468.344,0.39225
15950000,466,2571.23,-59971.3,409.753,0.396
16000000,459,2571.55,-60005.9,440.164,0.417
16050000,437,2385.42,-59985.4,407.775,0.399
16100000,430,2373.54,-60077.3,420.684,0.383
16150000,424,2316.2,-60054.8,417.171,0.397667
16200000,437,2417.02,-60044.8,453.037,0.386
16250000,445,2436.53,-59997.2,430.921,0.416
16300000,435,2408.3,-60029.6,434.625,0.421
16350000,457,2532.08,-60001.4,424.113,0.415
16400000,449,2509.75,-60001.1,466.345,0.398
16450000,445,2447.64,-60003.3,440.585,0.393
16500000,433,2367.21,-59976.9,466.031,0.398
16550000,476,2653.29,-59989.1,468.634,0.407
16600000,473,2612.43,-59949,465.615,0.411
16650000,465,2554.15,-59977.7,450.273,0.424
16700000,451,2494.59,-59955.8,455.826,0.393
16750000,445,2474.5,-59926.7,410.218,0.429
16800000,441,2432.38,-59935.1,430.449,0.403
16850000,452,2510.4,-59935.4,479.83,0.401
16900000,481,2660.46,-59924.9,448.823,0.379
16950000,481,2618.53,-59997.7,498.409,0.382
17000000,505,2836.75,-59940.6,510.811,0.404
17050000,490,2756.79,-59917.3,484.133,0.393
17100000,476,2676.39,-59923.5,460.815,0.411
17150000,455,2486.03,-59903.4,427.619,0.385
17200000,457,2548.09,-59942.4,469.94,0.402
17250000,434,2442.11,-59926.4,455.178,0.425
17300000,445,2423.31,-59947.3,481.81,0.369
17350000,442,2449.64,-59973.8,451.1,0.402
17400000,436,2416.15,-59926,440.681,0.405
17450000,413,2286.55,-60042.4,436.945,0.399
17500000,442,2427.88,-60008.8,457.965,0.408143
17550000,448,2491.52,-60010.6,421.742,0.409
17600000,407,2199.65,-60060.3,391.166,0.393
17650000,425,2336.8,-60003.1,414.716,0.396
17700000,466,2507.36,-60025.5,449.028,0.397
17750000,451,2464.4,-59986,437.74,0.404
17800000,447,2454.5,-59938.2,438.324,0.403
17850000,469,2589.14,-59938.6,435.092,0.407
17900000,493,2754.32,-59975.6,460.643,0.404
17950000,469,2604.75,-59898.7,426.913,0.383
18000000,494,2731.89,-59840.2,484.336,0.419
18050000,511,2818.79,-59888.4,486.21,0.425
18100000,498,2761.97,-59871.6,470.385,0.403
18150000,535,2941.51,-59871.6,532.685,0.394
18200000,520,2812.71,-59886.1,542.689,0.408
18250000,508,2815.69,-59894.2,470.323,0.423
18300000,532,2902.71,-59921.9,519.503,0.412
18350000,522,2901.05,-59874.5,496.049,0.426
18400000,530,2936.94,-59894.6,552.897,0.389
18450000,551,3049.62,-59896.7,515.533,0.401
18500000,564,3138.35,-59929,543.472,0.4
18550000,523,2842.51,-59892.6,522.638,0.452
18600000,508,2777.57,-59917.1,498.273,0.399
18650000,514,2841.02,-59877.2,499.777,0.413
18700000,506,2758.47,-59931.9,523.985,0.399
18750000,520,2837.55,-59936.6,529.736,0.416
18800000,516,2807.23,-59919,510.991,0.403
18850000,508,2834.11,-59955.9,467.933,0.393
18900000,501,2792.51,-59921.6,506.737,0.371
18950000,467,2611.19,-59966.1,469.279,0.404
19000000,506,2832.12,-59957.4,509.466,0.388
19050000,500,2817.02,-59978.6,485.182,0.42
19100000,481,2672.69,-59916.8,458.793,0.383
19150000,466,2579.06,-60001.1,455.711,0.396
19200000,467,2538.59,-59984.3,462.715,0.389
19250000,467,2595.7,-59995.5,417.164,0.399
19300000,429,2416.66,-59983.3,391.345,0.354
19350000,453,2511.42,-60016.2,504.577,0.374
19400000,457,2528.63,-59978.8,464.488,0.408
19450000,446,2456.87,-60053.6,468.227,0.396
19500000,454,2517.44,-59991.1,457.827,0.409
19550000,422,2331.18,-59991,429.867,0.396
19600000,407,2246.28,-59978.6,373.944,0.377
19650000,421,2325.11,-60037.7,446.181,0.379
19700000,451,2492.59,-59989.1,442.254,0.4
19750000,481,2675.37,-59935.3,464.483,0.409
19800000,523,2853.43,-59957.6,522.644,0.395
19850000,516,2873.96,-59968.9,504.26,0.412
19900000,507,2812.94,-59930.5,532.37,0.386
19950000,507,2756.95,-59974.7,511.111,0.397
20000000,488,2677.25,-59964.5,480.2,0.427
20050000,477,2641.02,-59920.1,500.91,0.385
20100000,481,2647.77,-59890.4,489.351,0.393
20150000,480,2594.25,-59956.7,474.621,0.394
20200000,460,2509.36,-59914.3,457.241,0.402
20250000,496,2691.04,-59943.7,482.287,0.413
20300000,507,2773.23,-59946.8,491.962,0.395
20350000,480,2630.79,-59907.5,472.489,0.408
20400000,493,2703.02,-59891.8,479.086,0.395
20450000,480,2597.88,-59962.1,484.752,0.398
20500000,491,2681.8,-59939.2,448.929,0.406
20550000,463,2516.33,-59956.2,449.121,0.393
20600000,474,2556.05,-59992,494.178,0.375
20650000,422,2304.89,-59959.2,388.234,0.397
20700000,424,2338.05,-59924.9,431.369,0.415
20750000,449,2445.35,-59918,494.189,0.394
20800000,450,2442.67,-59975.8,387.665,0.386
20850000,475,2622.42,-59958.9,485.589,0.355
20900000,491,2715.94,-59961.5,508.356,0.406
20950000,501,2728.8,-59928.3,488.711,0.405
21000000,485,2674.87,-59971.2,492.37,0.401
21050000,483,2597.82,-59974.3,506.009,0.378
21100000,484,2587.99,-59943.6,491.08,0.396
21150000,467,2534.68,-59973.9,443.676,0.41
21200000,478,2613.45,-59971.4,459.944,0.387
21250000,475,2603.67,-59973.4,457.19,0.376
21300000,458,2479.67,-59956.4,451.21,0.373
21350000,445,2432.86,-59928.3,431.416,0.39
21400000,450,2433.94,-59978.7,441.111,0.41
21450000,440,2415.16,-59980.5,446.348,0.399
21500000,453,2429.67,-59995.8,512.42,0.395
21550000,450,2490.25,-59963.4,450.101,0.407
21600000,484,2652,-59964.6,472.15,0.408
21650000,484,2661.51,-59954.3,525.792,0.426
21700000,473,2543.99,-59926.2,458.235,0.417
21750000,488,2636.59,-59985.6,474.254,0.396
21800000,466,2536.95,-59997.4,471.781,0.413
21850000,485,2596.59,-59882.1,485.257,0.42
21900000,475,2629.97,-59868.3,486.48,0.41
21950000,478,2630.54,-59886.5,445.873,0.407
22000000,507,2781.47,-59917.5,473.516,0.398
22050000,508,2803.85,-59928.1,507.173,0.393
22100000,472,2557.89,-59951,497.856,0.395
22150000,473,2581.99,-59947.3,505.372,0.434
22200000,465,2568.66,-59930.5,443.6,0.397
22250000,503,2758.38,-59958.6,547.326,0.413
22300000,469,2566.38,-59965.5,473.753,0.426
22350000,501,2752.16,-59954.9,506.336,0.396
22400000,494,2678.7,-59963.5,515.862,0.403
22450000,506,2761.36,-59949.6,506.208,0.391
22500000,493,2651.48,-59935.5,466.978,0.415
22550000,462,2460.66,-59924.3,462.782,0.38
22600000,478,2589.62,-59983.3,434.078,0.421
22650000,486,2656.01,-59946.8,520.941,0.383
22700000,484,2685.45,-59887.8,451.39,0.401
22750000,483,2647.82,-59883.1,489.134,0.372
22800000,491,2696.89,-59922.2,490.294,0.369
22850000,472,2611.2,-59938.3,438.34,0.378
22900000,487,2698.82,-59927.3,459.245,0.415
22950000,483,2644.28,-59914,490.038,0.418
23000000,456,2520.57,-59936.1,444.684,0.397
23050000,447,2451.58,-59938.8,464.03,0.439
23100000,471,2586.8,-59993.7,442.253,0.388
23150000,477,2589.18,-59937,432.143,0.395
23200000,500,2736.6,-59922,528.095,0.395
23250000,477,2570.09,-59932.9,464.302,0.41
23300000,466,2514.93,-59937.3,478.788,0.396
23350000,466,2510.9,-59920.7,420.664,0.371
23400000,467,2504.27,-59969.4,442.444,0.43
23450000,460,2502.48,-59949.2,441.919,0.42
23500000,448,2476.08,-59936.1,396.832,0.393
23550000,465,2577.95,-59902.4,463.045,0.407
23600000,455,2494.47,-59952.3,464.889,0.393
23650000,452,2444.5,-59942.3,444.137,0.388
23700000,458,2480.16,-59932.4,438.734,0.385
23750000,449,2410.09,-59896,423.478,0.385
23800000,468,2538.7,-59966.8,504.32,0.37
23850000,507,2767.48,-59912.8,475.275,0.415
23900000,492,2658.89,-59928.4,448.037,0.398
23950000,477,2579.81,-59884.1,448.648,0.398
24000000,478,2608.5,-59904.1,488.408,0.399
24050000,511,2818.22,-59929.7,481.71,0.404
24100000,506,2767.73,-59830.3,519.334,0.364
24150000,520,2915.38,-59926.7,500.057,0.401
24200000,529,2897.3,-59971.1,506.275,0.397
24250000,525,2833.01,-59906.2,521.433,0.383
24300000,515,2777.5,-59936.4,570.175,0.382
24350000,513,2817.44,-59928.3,515.605,0.39
24400000,511,2806.08,-59937.4,519.928,0.421
24450000,496,2671.98,-59882.3,493.054,0.392
24500000,489,2672.35,-59926.9,527.316,0.401
24550000,502,2717.69,-59926.6,469.585,0.407
24600000,500,2766.9,-59887.4,515.09,0.41
24650000,491,2668.46,-59930.5,478.651,0.388
24700000,492,2665.55,-59943.3,518.487,0.392
24750000,510,2764.32,-59959.5,524.311,0.376
24800000,491,2695.97,-59964.2,426.819,0.408
24850000,504,2780.76,-59911.7,455.918,0.394
24900000,518,2867.14,-59874.1,519.385,0.423
24950000,515,2829.16,-59929.2,505.731,0.39
25000000,497,2794.09,-59907.5,514.75,0.397
25050000,460,2508.85,-60010.1,468.645,0.38
25100000,448,2463.49,-59990.2,463.109,0.403
25150000,452,2491.41,-59964.3,393.246,0.392
25200000,468,2556.72,-59918.5,439.224,0.406
25250000,475,2573.18,-59948.9,466.23,0.382
25300000,483,2642.04,-59914.4,516.22,0.414
25350000,479,2597.15,-59952,502.202,0.398
25400000,478,2650.82,-59927.5,463.925,0.385
25450000,476,2623.31,-59997,439.623,0.411
25500000,490,2674.17,-59986.7,522.987,0.376
25550000,512,2827.68,-59948.4,474.202,0.406
25600000,499,2735.59,-59954.6,507.598,0.385
25650000,510,2807.5,-59880.9,509.718,0.434
25700000,510,2788.84,-59913.1,546.524,0.413
25750000,450,2412.01,-59920.6,411.205,0.39
25800000,491,2668.55,-59873.3,460.488,0.388
25850000,493,2681.56,-59895.9,491.843,0.414
25900000,501,2757.59,-59870.2,505.794,0.395
25950000,502,2782.69,-59861.8,483.204,0.387
26000000,484,2605.17,-59903.6,471.325,0.411
26050000,507,2788.39,-59954.7,493.731,0.391
26100000,505,2821.44,-59905.1,497.724,0.387
26150000,515,2851.47,-59902.1,472.339,0.385
26200000,496,2707.35,-59896.2,471.804,0.408
26250000,523,2882.19,-59948.5,462.049,0.417
26300000,548,2974.85,-59915.9,527.765,0.378
26350000,529,2894.13,-59929,533.888,0.441
26400000,533,2888.98,-59942.5,503.872,0.411
26450000,505,2791.44,-59930.2,497.243,0.406
26500000,493,2713.53,-59986.5,497.058,0.421
26550000,499,2754.47,-59997.6,460.203,0.4
26600000,489,2703.13,-60017.7,483.489,0.442
26650000,492,2694.17,-59953.2,483.314,0.378
26700000,475,2619.48,-59959.2,471.858,0.383
26750000,470,2574.56,-59945.6,441.85,0.377
26800000,470,2577.89,-59945.2,455.326,0.411
26850000,517,2792,-59961.3,513.119,0.407
26900000,469,2546.23,-60004.4,487.125,0.386
26950000,479,2591.28,-60017.8,471.835,0.384
27000000,480,2645.45,-60003.5,464.206,0.422
27050000,459,2505.37,-60037.9,453.321,0.396
27100000,446,2435.28,-60000,460.473,0.387
27150000,411,2293.89,-59997.7,402.114,0.399
27200000,408,2215.97,-59988,433.382,0.379
27250000,432,2380.01,-60048.7,396.515,0.371
27300000,406,2244.93,-60072.9,387.184,0.401667
27350000,435,2447.95,-60009.1,418.315,0.414
27400000,427,2340,-60020.4,420.768,0.407
27450000,424,2356.88,-60048.9,397.792,0.388
27500000,452,2489.04,-59993.4,479.274,0.425
27550000,466,2565.96,-59996.5,446.378,0.396
27600000,496,2753.25,-59900.4,502.181,0.421
27650000,488,2681.42,-59908.4,475.042,0.4
27700000,446,2463.37,-59887.8,411.63,0.393
27750000,458,2518.33,-59975.3,463.703,0.424
27800000,451,2477.01,-60020.7,462.719,0.408
27850000,464,2552.02,-59948.8,449.095,0.409
27900000,481,2670.18,-59971.8,470.097,0.4
27950000,502,2740.97,-59936.6,519.858,0.396
28000000,481,2660.22,-60014.6,457.68,0.394
28050000,455,2522.29,-59934.4,443.714,0.394
28100000,463,2517.52,-59967.3,444.825,0.417
28150000,462,2529.64,-59937.8,495.114,0.394
28200000,494,2696.29,-59926.5,492.523,0.406
28250000,509,2773.89,-60008.9,502.905,0.416
28300000,495,2721.7,-59959.4,517.295,0.404
28350000,495,2702.25,-60018.7,465.154,0.42
28400000,522,2851.18,-59973.8,530.581,0.402
28450000,512,2770.22,-59973.7,480.279,0.409
28500000,514,2794.39,-59987.9,462.942,0.373
28550000,484,2689.92,-59966.3,462.625,0.397
28600000,491,2684.1,-59969.2,461.171,0.402
28650000,507,2780.1,-59947,531.049,0.408
28700000,486,2668.58,-59969.3,461.753,0.391
28750000,494,2723.69,-59937.7,471.178,0.404
28800000,496,2730.26,-59936.9,484.245,0.357
28850000,486,2699.57,-59924.9,515.381,0.408
28900000,469,2607.46,-59989.8,447.784,0.39
28950000,467,2570.16,-60011.4,450.339,0.407
29000000,474,2660.41,-59937.5,443.288,0.415
29050000,482,2637.2,-59893.1,501.264,0.39
29100000,524,2910.16,-59924.2,530.155,0.383
29150000,529,2895.47,-59908.5,498.222,0.42
29200000,539,2927.36,-59899.7,487.271,0.39
29250000,546,2957.3,-59838.6,529.42,0.393
29300000,569,3073,-59880.5,522.88,0.409
29350000,572,3179,-59845.1,566.186,0.411
29400000,555,3052.89,-59789.6,577.143,0.404
29450000,579,3194.09,-59822.6,571.789,0.415
29500000,574,3199.93,-59829.7,539.673,0.413
29550000,524,2934.65,-59859.1,496.268,0.43
29600000,516,2837.72,-59904.1,536.893,0.396
29650000,500,2763.95,-59910.1,468.831,0.403
29700000,500,2739.98,-59965.5,493.021,0.415
29750000,471,2539.15,-59977.9,484.777,0.375
29800000,474,2611.99,-59942,453.018,0.397
29850000,498,2742.58,-59950.2,487.841,0.369
29900000,504,2790.72,-59920.2,492.865,0.409
29950000,507,2820.41,-59886.8,475.431,0.38
30000000,485,2666.06,-59918.9,456.29,0.415
30050000,480,2630.41,-59904.1,497.114,0.386
30100000,470,2575.61,-59962.3,458.904,0.398
30150000,489,2702.79,-59857.6,486.342,0.38
30200000,492,2685.48,-59932.5,541.13,0.4
30250000,444,2489.9,-59926.8,407.832,0.415
30300000,420,2306.78,-60005.3,413.84,0.389131
30350000,454,2491.79,-59967,421.17,0.382
30400000,438,2407.37,-59989.8,404.916,0.375
30450000,447,2495.08,-59976.1,433.762,0.401
30500000,452,2513.02,-59943.4,449.442,0.376
30550000,466,2593.18,-59963.9,448.793,0.394
30600000,494,2699.69,-59989.4,508.245,0.395
30650000,509,2746.39,-59930.4,473.909,0.368
30700000,494,2704.38,-59933,496.785,0.4
30750000,495,2718.21,-59973.4,435.931,0.396
30800000,472,2606.6,-59937.2,465.101,0.393
30850000,496,2700.8,-59893,491.129,0.403
30900000,512,2784.12,-59908.4,492.257,0.394
30950000,496,2723.17,-59943.6,493.561,0.392
31000000,474,2644.81,-59950.7,478.612,0.427
31050000,451,2549.69,-59969.4,467.07,0.423
31100000,442,2395.93,-59987.3,420.724,0.375
31150000,454,2487.16,-59989.8,464.639,0.397167
31200000,457,2497.45,-59990.1,466.161,0.404
31250000,438,2351.61,-59996.7,418.484,0.366
31300000,420,2263.55,-59994.3,386.546,0.419
31350000,414,2280.37,-59993.1,412.885,0.413
31400000,416,2274.36,-60009.6,419.104,0.385
31450000,428,2371.44,-60016.5,431.895,0.405
31500000,481,2627.71,-59997.6,489.2,0.409
31550000,481,2656.49,-59994.5,458.05,0.372
31600000,459,2537.63,-59928.9,473.967,0.405
31650000,465,2567.73,-59975.1,482.961,0.392
31700000,474,2605.02,-59958.4,459.904,0.39
31750000,461,2517.13,-60027.7,443.984,0.394
31800000,475,2638.7,-59996.2,450.096,0.415
31850000,489,2698.81,-59987.3,488.557,0.412
31900000,462,2590.64,-59960.2,456.682,0.399
31950000,481,2619.02,-59963.3,477.024,0.396
32000000,497,2740.56,-59958.5,466.874,0.388
32050000,500,2746.74,-59916.8,510.434,0.382
32100000,495,2703.17,-59945.4,489.331,0.407
32150000,505,2769.24,-59943,514.568,0.411
32200000,515,2813.86,-59964.1,491.314,0.402
32250000,453,2471.52,-59992.4,420.786,0.403
32300000,488,2650.64,-59903.6,485.501,0.424
32350000,484,2634.27,-59933.8,486.626,0.414
32400000,486,2630.15,-59992.6,493.803,0.388
32450000,456,2584.92,-59983.3,451.87,0.416
32500000,468,2604.42,-59979.8,488.95,0.391
32550000,498,2748.32,-59970.8,477.378,0.405
32600000,451,2492.8,-59959.4,447.189,0.404
32650000,460,2522.92,-59976.3,448.742,0.424
32700000,463,2579.62,-59956.8,435.24,0.403
32750000,440,2436.58,-59975.3,431.338,0.391
32800000,460,2594.9,-59975.3,466.595,0.355
32850000,455,2486.02,-59981.3,496.315,0.41
32900000,463,2575.34,-59973.3,464.148,0.385
32950000,482,2659.62,-59969.3,495.019,0.395
33000000,515,2840.33,-59932.3,535.447,0.419
33050000,532,2935.98,-59871.9,474.748,0.417
33100000,530,2906.15,-59913.9,505.107,0.383
33150000,502,2768.72,-59950.5,490.815,0.39
33200000,486,2658,-59971,493.817,0.38
33250000,489,2672.1,-59926.7,450.755,0.417
33300000,449,2441.13,-59947.9,419.997,0.376
33350000,458,2531.2,-59954,433.939,0.397
33400000,486,2691.42,-59991.2,479.146,0.405
33450000,445,2474.16,-59988,407.759,0.391
33500000,469,2589.83,-59969.7,450.496,0.394
33550000,498,2751.13,-59957.9,479.953,0.418
33600000,469,2540.97,-59993.5,464.718,0.415
33650000,453,2495.7,-59975.3,409.414,0.42
33700000,494,2708.48,-59919.6,478.814,0.425
33750000,495,2733.43,-59931.3,446.725,0.412
33800000,460,2534.44,-59923,475.956,0.392
33850000,474,2646.03,-59903.5,448.148,0.406
33900000,488,2671.95,-59924.3,505.558,0.4
33950000,523,2843.28,-59895.7,521.088,0.415
34000000,494,2675.45,-59923,432.743,0.419
34050000,493,2711.72,-59902.8,493.904,0.413
34100000,512,2829.15,-59925.9,500.898,0.377
34150000,535,2968.79,-59904.6,539.609,0.38
34200000,514,2848.31,-59945.3,520.023,0.385
34250000,538,2934.78,-59922.9,514.393,0.388
34300000,506,2776.69,-59954.3,501.514,0.391
34350000,515,2830.64,-59959,524.47,0.43
34400000,521,2870.21,-59956.1,492.33,0.401
34450000,532,2924.45,-59922.4,538.984,0.383
34500000,517,2823.08,-59897.4,542.343,0.422
34550000,505,2768.2,-59929.2,512.677,0.41
34600000,515,2835.83,-59907.3,511.495,0.401
34650000,511,2826.78,-59887.9,468.386,0.422
34700000,477,2656.19,-59931.7,478.427,0.412
34750000,463,2555.43,-59927.3,472.971,0.422
34800000,487,2702.53,-59907.6,473.788,0.409
34850000,485,2687.9,-59943.4,439.473,0.398
34900000,529,2900.25,-59893.7,493.931,0.385
34950000,511,2773,-59909.9,527.425,0.405
35000000,517,2822.81,-59911.6,535.565,0.396
35050000,521,2859.28,-59863.8,495.316,0.405
35100000,527,2883.22,-59907.1,516.31,0.403
35150000,552,3042.64,-59983.1,535.022,0.419
35200000,524,2856.9,-59937.7,461.522,0.424
35250000,496,2728.86,-59934.8,474.09,0.43
35300000,465,2517.49,-59967.5,457.374,0.373
35350000,480,2603.27,-59971.7,470.928,0.407
35400000,469,2561.52,-59960.7,470.392,0.416
35450000,468,2530.6,-59938.2,451.99,0.414
35500000,467,2555.61,-60006.6,482.556,0.392
35550000,474,2590.78,-59967,426.63,0.414
35600000,467,2600.6,-59947.6,449.1,0.4
35650000,404,2252.84,-60029.7,386.927,0.401
35700000,484,2630.45,-59952.4,480.706,0.399
35750000,513,2801.4,-59930.7,455.744,0.396
35800000,513,2841.8,-59911.1,516.343,0.403
35850000,497,2744.5,-60002.6,502.668,0.399
35900000,497,2737.42,-59952.3,502.218,0.391
35950000,494,2712.58,-59898.5,470.728,0.411
36000000,479,2647.63,-59976.7,552.833,0.434
36050000,499,2774.32,-59933.4,508.845,0.427
36100000,507,2849.89,-59917.5,525.093,0.397
36150000,501,2811.84,-59956.5,490.647,0.385
36200000,497,2731.83,-59953,455,0.428
36250000,493,2678.25,-59956.1,516.707,0.437
36300000,462,2564.54,-59972.2,445.242,0.376
36350000,477,2586.76,-59958.3,451.381,0.405
36400000,497,2716.32,-59938,480.834,0.413
36450000,484,2674.29,-59965.7,499.915,0.372
36500000,498,2712.22,-59927.3,488.321,0.402
36550000,495,2693.8,-59928.7,515.189,0.408
36600000,510,2764.6,-59865.9,512.964,0.392
36650000,478,2571.76,-59907.3,461.086,0.404
36700000,489,2670.45,-59910.9,453.728,0.39
36750000,490,2732.47,-59919.6,448.198,0.375
36800000,491,2726.98,-59914.2,460.249,0.4
36850000,501,2713.68,-59940.4,523.518,0.387
36900000,510,2792.57,-59938.9,512.285,0.41
36950000,533,2901.83,-59907.2,529.503,0.397
37000000,464,2507.77,-59962.5,443.901,0.388
37050000,452,2429.32,-59920,433.886,0.413
37100000,499,2731.97,-59925.4,474.852,0.401
37150000,493,2680.17,-59943.8,469.921,0.351
37200000,465,2572.79,-59959.1,439.213,0.377
37250000,469,2606.63,-59941.9,490.415,0.378
37300000,469,2591.58,-59910,447.473,0.397
37350000,461,2538.55,-59926.2,466.896,0.394
37400000,467,2602.79,-59881.1,435.921,0.386
37450000,466,2589.43,-59909.1,472.296,0.402
37500000,473,2610.46,-59921,438.805,0.378
37550000,473,2655.57,-59912.2,467.333,0.384
37600000,463,2553.36,-59976.1,453.696,0.392
37650000,485,2685.61,-59948.3,488.958,0.386
37700000,445,2473.7,-59975.2,450.684,0.402
37750000,471,2579.56,-60009.9,470.904,0.382
37800000,488,2679.01,-59975.4,489.744,0.395
37850000,474,2625.81,-59996.5,424.294,0.402
37900000,468,2567.08,-59975.4,444.825,0.406
37950000,466,2546.17,-59935.3,445.244,0.402
38000000,460,2509.92,-59973.1,479.928,0.407
38050000,429,2397.21,-60002.2,432.907,0.427
38100000,454,2499.49,-59952.4,435.667,0.414
38150000,447,2454.44,-59968.2,457.71,0.383
38200000,467,2552.15,-59961.5,464.151,0.403571
38250000,456,2520.23,-59988.1,431.219,0.413
38300000,469,2618.54,-59922.8,462.283,0.391
38350000,502,2758.19,-59981.8,514.868,0.374
38400000,507,2808.87,-59980,480.457,0.447
38450000,475,2625.35,-59979.1,470.155,0.403
38500000,448,2459.09,-59964.6,441.293,0.418
38550000,438,2408.85,-60007.4,455.486,0.4028
38600000,446,2430.06,-60029.7,448.881,0.402
38650000,454,2531.11,-59961.6,455.967,0.406
38700000,444,2363.84,-59938.6,440.387,0.391733
38750000,474,2596.86,-59932.4,447.377,0.414
38800000,440,2389.18,-59935.9,404.552,0.393
38850000,456,2552.74,-59909.2,428.853,0.404
38900000,450,2454.46,-59927.7,429.453,0.404
38950000,417,2261.92,-60027.8,406.018,0.409
39000000,466,2562.3,-59919.6,463.64,0.431
39050000,485,2615.47,-59912.1,493.87,0.41
39100000,491,2663.29,-59904.5,467.036,0.401
39150000,478,2592.54,-59916.7,434.392,0.389
39200000,506,2754.62,-59938,483.345,0.406
39250000,515,2828.95,-59929,530.079,0.389
39300000,493,2744,-59966.6,443.521,0.428
39350000,497,2702.67,-59919.1,488.519,0.418
39400000,457,2506.14,-59916.5,457.002,0.426
39450000,452,2520.45,-59966,425.802,0.386
39500000,466,2547.74,-59987.8,464.453,0.405
39550000,463,2550.32,-59926.3,454.478,0.403
39600000,473,2553.75,-59995.7,437.712,0.436
39650000,487,2629.94,-59986.7,499.033,0.428
39700000,491,2700.15,-59963.8,479.129,0.43
39750000,486,2693.51,-59977.2,482.901,0.4
39800000,480,2552.35,-59984.8,518.522,0.4
39850000,525,2865.52,-59954.9,494.962,0.431
39900000,513,2822.43,-59993.3,481.555,0.404
39950000,533,2878.83,-59979.1,509.542,0.374
40000000,500,2701.55,-59996.4,467.277,0.408
40050000,511,2810.99,-60051.7,522.559,0.38
40100000,496,2678.56,-59988.8,495.685,0.403
40150000,491,2687.94,-59961.1,475.326,0.383
40200000,480,2671.15,-59946.6,430.044,0.413
40250000,470,2596.29,-59959.1,446.068,0.405
40300000,455,2487.31,-59952.6,446.062,0.386
40350000,453,2471.65,-59917.9,434.312,0.385
40400000,469,2622.19,-59959.8,450.965,0.4005
40450000,477,2627.43,-59981.9,487.978,0.377
40500000,458,2520.86,-60000.5,477.954,0.41
40550000,449,2478.85,-60005.8,423.138,0.402
40600000,440,2404.16,-60006.5,422.421,0.414
40650000,445,2435.85,-59989,396.408,0.367
40700000,457,2510.24,-60034.6,439.826,0.415
40750000,457,2549.16,-60005.6,441.097,0.383
40800000,469,2600.4,-60037.1,451.136,0.397
40850000,456,2530.35,-60030.9,480.462,0.391
40900000,450,2483.33,-59971.5,447.265,0.399
40950000,432,2344.18,-60000.3,429.174,0.378
41000000,470,2550.56,-60035.3,452.069,0.383
41050000,488,2696.4,-60017.8,471.219,0.407
41100000,507,2840.73,-60016.1,495.211,0.407
41150000,492,2734.84,-60001.5,477.841,0.38
41200000,489,2717.31,-60013.6,486.824,0.386
41250000,465,2554.99,-60040.2,521.248,0.386
41300000,448,2487.04,-59950.6,437.879,0.389
41350000,467,2535.01,-60003.6,457.361,0.391
41400000,484,2631.45,-60022.5,451.921,0.433
41450000,482,2656.73,-60026.3,494.404,0.396
41500000,487,2700.63,-59988.3,498.653,0.39
41550000,473,2621.76,-59962.9,457.235,0.394
41600000,493,2770.21,-59954.5,478.302,0.397
41650000,511,2806.48,-59942.1,502.268,0.418
41700000,472,2580.16,-59951.6,441.561,0.373
41750000,454,2503.02,-60005.3,492.55,0.385
41800000,471,2554.01,-59963.8,483.209,0.383
41850000,484,2647.46,-59937.2,453.24,0.398
41900000,496,2744.01,-59934.9,493.402,0.392
41950000,483,2644.89,-59944.3,491.471,0.413
42000000,464,2561.52,-59942.8,505.934,0.404
42050000,472,2565.14,-60012.7,476.326,0.39225
42100000,481,2644.44,-59949.2,461.728,0.393
42150000,496,2717.37,-59954.7,437.031,0.431
42200000,481,2604.59,-59983.7,482.515,0.357
42250000,477,2600.43,-59960.3,499,0.414
42300000,465,2566.27,-59914.5,461.969,0.398286
42350000,494,2738.24,-59962.8,512.121,0.401
42400000,500,2743.84,-59929.2,526.499,0.422
42450000,501,2775.34,-59924.8,514.989,0.412
42500000,498,2725.32,-59941.9,457.319,0.384
42550000,493,2730.2,-59914.6,495.177,0.411
42600000,481,2679.52,-59929.1,455.075,0.404
42650000,470,2563.51,-59942.8,475.5,0.4
42700000,469,2573.4,-59933.6,439.602,0.408
42750000,498,2702.69,-59925.6,491.8,0.394
42800000,486,2653.75,-59946.9,507.696,0.376
42850000,443,2399.15,-59913.9,403.852,0.402
42900000,451,2451.93,-59955.9,444.034,0.404
42950000,444,2424.58,-59930.2,483.467,0.403
43000000,437,2386.58,-59964.4,439.482,0.372
43050000,423,2363.31,-59989.5,400.7,0.399
43100000,446,2465.09,-59980.2,442.977,0.401
43150000,488,2657.68,-59970.9,467.64,0.403
43200000,481,2660.83,-59974.9,456.223,0.408
43250000,470,2570.74,-59966.3,468.653,0.395
43300000,461,2589.53,-59950.4,426.599,0.393
43350000,480,2626.02,-59956.9,433.817,0.42
43400000,476,2613.1,-59915.7,443.198,0.412
43450000,489,2667.05,-59973.9,440.562,0.425
43500000,506,2768.94,-59953.2,467.7,0.406
43550000,482,2625.68,-59919.9,454.218,0.406
43600000,492,2612.51,-59894.1,487.7,0.395
43650000,478,2588.52,-59888.3,456.238,0.38
43700000,478,2541.66,-59866.3,457.479,0.401
43750000,517,2770.92,-59893.7,548.154,0.39
43800000,547,2997.1,-59872.4,529.66,0.414
43850000,534,2856.7,-59887,518.462,0.382
43900000,518,2754.41,-59894.8,505.232,0.406
43950000,533,2853.73,-59913.7,521.124,0.382
44000000,544,2954.14,-59892.6,504.359,0.406
44050000,542,2979.09,-59958.5,533.612,0.414
44100000,507,2795.09,-59909.6,471.285,0.408
44150000,492,2697.6,-59879.4,478.779,0.404
44200000,453,2437.52,-59915.2,454.888,0.404
44250000,481,2632.45,-59953.5,453.824,0.413
44300000,499,2739.3,-59945.3,461.968,0.402
44350000,497,2658.97,-59958.3,512.669,0.404
44400000,485,2614.17,-59911.1,479.874,0.402
44450000,477,2587.38,-59889.5,511.614,0.371
44500000,500,2708.52,-59961.3,472.692,0.413
44550000,519,2862.53,-59909.8,492.308,0.426
44600000,554,3035,-59845.8,578.559,0.413
44650000,541,2966.17,-59880.1,526.294,0.403
44700000,518,2840.51,-59886.6,500.252,0.422
44750000,532,2888.87,-59814.3,525.956,0.39
44800000,522,2853.57,-59863.9,464.36,0.391
44850000,503,2734.55,-59863,455.964,0.388
44900000,541,2925.63,-59894.8,556.416,0.402
44950000,507,2701.43,-59932.5,538.666,0.425
45000000,483,2587.72,-59870.7,441.54,0.399
45050000,527,2848.58,-59852.5,552.582,0.388
45100000,521,2842.33,-59880.8,453.411,0.42
45150000,484,2656.16,-59955.3,487,0.391
45200000,508,2788.21,-59906.1,508.589,0.38
45250000,523,2844.42,-59888.8,525.66,0.394
45300000,501,2783.1,-59951.4,473.394,0.425
45350000,439,2426.21,-59962.1,427.563,0.382
45400000,443,2455.62,-59970.2,433.537,0.398
45450000,459,2524.09,-59955,463.539,0.408
45500000,464,2573.41,-59978.4,432.824,0.407
45550000,460,2528.64,-60033.9,442.365,0.414
45600000,461,2562.01,-60013.6,453.485,0.407
45650000,456,2549.33,-60039.5,387.705,0.384
45700000,451,2513.08,-60004.5,463.098,0.424
45750000,453,2476.13,-60035.7,417.601,0.397
45800000,440,2445.64,-60054.6,455.731,0.377
45850000,430,2401.2,-60014.3,402.465,0.395
45900000,420,2320.45,-59992.4,435.778,0.389
45950000,410,2263.82,-59977.6,406.263,0.377
46000000,416,2299.19,-60016.5,386.794,0.38
46050000,466,2576.86,-59986.3,426.323,0.379
46100000,419,2326.63,-60002.8,427.583,0.392
46150000,449,2456.92,-60006.6,395.038,0.395382
46200000,460,2521.44,-60011.2,460.024,0.389333
46250000,463,2593.44,-60009.7,489.305,0.383
46300000,436,2420.96,-60023,436.527,0.383
46350000,436,2424.36,-60005.8,431.505,0.382
46400000,456,2533.29,-60009.7,453.955,0.386
46450000,434,2392.12,-59996.9,425.304,0.401
46500000,410,2283.41,-60013.3,404.281,0.414
46550000,400,2250.89,-60066.9,373.025,0.393
46600000,412,2312.55,-59996.3,417.404,0.41
46650000,448,2489.64,-60006.1,401.519,0.423
46700000,443,2482.11,-60012.5,380.917,0.39
46750000,445,2462.77,-60002.7,419.53,0.394
46800000,442,2408.12,-59993.1,406.227,0.408
46850000,443,2419.16,-59980.9,415.359,0.389
46900000,460,2522.7,-59951.5,444.282,0.404
46950000,453,2511.28,-59992.1,422.794,0.389
47000000,457,2504.05,-59971.9,472.376,0.394
47050000,422,2320.23,-60014.1,447.865,0.415
47100000,462,2527.33,-59992.8,451.873,0.376
47150000,457,2500.26,-59962.6,435.322,0.376
47200000,488,2676.08,-59958.6,487.745,0.425
47250000,470,2594.25,-59998.5,472.439,0.391
47300000,445,2416.94,-59968.7,391.724,0.383
47350000,442,2392.88,-60004,455.201,0.388
47400000,426,2339.31,-60007.7,434.218,0.39
47450000,443,2416.11,-60041,463.576,0.414
47500000,448,2506.43,-60031.7,425.959,0.42
47550000,444,2446.4,-60028.9,452.997,0.403
47600000,463,2558.47,-59991.8,442.378,0.39
47650000,481,2607.98,-60052.9,467.196,0.402
47700000,482,2611.52,-59985.6,446.367,0.388
47750000,468,2537.64,-60004.6,479.232,0.406
47800000,497,2737.4,-59969.4,488.055,0.394
47850000,503,2743.41,-60004.4,488.529,0.413
47900000,522,2870.05,-59933.4,575.327,0.41
47950000,508,2798.98,-59949.2,515.421,0.413
48000000,494,2683.6,-59958.2,508.341,0.414
48050000,501,2781.24,-59946.4,515.931,0.413
48100000,510,2826.53,-60006.5,485.793,0.409
48150000,524,2882.41,-60019.3,536.442,0.391
48200000,514,2759.81,-59996.4,501.519,0.4
48250000,519,2854.52,-59947.2,515.93,0.402
48300000,487,2705.19,-59984,484.033,0.428
48350000,491,2670.01,-59941.8,484.531,0.395
48400000,481,2632.8,-60005.3,479.273,0.389
48450000,463,2559.15,-60035.9,471.436,0.407
48500000,466,2543.41,-60035.2,458.645,0.387
48550000,435,2357.16,-60024.7,444.325,0.39
48600000,432,2391.39,-59995,414.329,0.399
48650000,416,2254.83,-60043.7,422.672,0.428
48700000,418,2294.51,-60001.7,400.247,0.358
48750000,442,2412.55,-60013.1,453.135,0.402
48800000,488,2677.46,-59991,470.064,0.419
48850000,488,2708.01,-59988.5,412.531,0.413
48900000,510,2845.37,-59993.4,502.788,0.406
48950000,498,2771.31,-59950.8,511.799,0.389
49000000,494,2759.83,-59998.2,539.462,0.41
49050000,499,2711.4,-59986.2,483.841,0.378
49100000,496,2779.66,-59945.9,457.688,0.419
49150000,519,2891.08,-59916.2,523.406,0.39
49200000,502,2751.8,-59957.7,477.969,0.439
49250000,529,2977.01,-59949.2,502.716,0.401
49300000,535,2956.25,-59904.9,521.667,0.393
49350000,516,2826.73,-59964.2,516.373,0.409
49400000,511,2832.58,-59974.6,542.469,0.399
49450000,488,2693.2,-59987,454.27,0.424
49500000,472,2570,-59926,475.763,0.389
49550000,408,2254.29,-60064.8,389.713,0.38
49600000,483,2668.21,-59970.2,547.389,0.408
49650000,484,2670.49,-60015.2,513.055,0.438
49700000,497,2738.66,-59963.5,506.021,0.391
49750000,513,2796.92,-59984,487.487,0.419
49800000,484,2622.3,-59949.9,478.832,0.382
49850000,479,2614.74,-59953.9,460.868,0.378
49900000,477,2631.58,-59952.2,460.115,0.396
49950000,456,2445.97,-59896.1,412.702,0.371
